4294967294,0
4294967278,63
4294967278,54
4294967278,53
4294967278,8
4294967279,131
4294967279,125
4294967279,119
4294967279,118
4294967279,65
4294967279,64
4294967279,63
4294967279,62
4294967279,56
4294967279,55
4294967279,54
4294967279,48
4294967279,47
4294967279,46
4294967279,45
4294967279,40
4294967279,35
4294967279,29
4294967279,28
4294967279,22
4294967279,15
4294967293,131
4294967293,130
4294967293,129
4294967293,128
4294967293,127
4294967293,126
4294967293,125
4294967293,124
4294967293,123
4294967293,122
4294967293,121
4294967293,120
4294967293,119
4294967293,118
4294967293,117
4294967293,116
4294967293,115
4294967293,114
4294967293,113
4294967293,112
4294967293,111
4294967293,110
4294967293,109
4294967293,108
4294967293,107
4294967293,106
4294967293,105
4294967293,104
4294967293,103
4294967293,102
4294967293,101
4294967293,100
4294967293,99
4294967293,98
4294967293,97
4294967293,96
4294967293,95
4294967293,94
4294967293,93
4294967293,92
4294967293,91
4294967293,90
4294967293,89
4294967293,87
4294967293,86
4294967293,85
4294967293,84
4294967293,83
4294967293,82
4294967293,81
4294967293,80
4294967293,79
4294967293,78
4294967293,77
4294967293,76
4294967293,75
4294967293,74
4294967293,73
4294967293,72
4294967293,71
4294967293,70
4294967293,69
4294967293,68
4294967293,67
4294967293,66
4294967293,65
4294967293,64
4294967293,63
4294967293,62
4294967293,61
4294967293,60
4294967293,59
4294967293,58
4294967293,57
4294967293,56
4294967293,55
4294967293,54
4294967293,53
4294967293,52
4294967293,51
4294967293,50
4294967293,49
4294967293,48
4294967293,47
4294967293,46
4294967293,45
4294967293,44
4294967293,43
4294967293,42
4294967293,41
4294967293,40
4294967293,39
4294967293,38
4294967293,37
4294967293,36
4294967293,35
4294967293,34
4294967293,33
4294967293,32
4294967293,31
4294967293,30
4294967293,29
4294967293,28
4294967293,27
4294967293,26
4294967293,25
4294967293,24
4294967293,23
4294967293,22
4294967293,21
4294967293,20
4294967293,19
4294967293,18
4294967293,17
4294967293,16
4294967293,15
4294967293,14
4294967293,13
4294967293,12
4294967293,11
4294967293,10
4294967293,9
4294967293,8
4294967293,7
4294967293,6
4294967293,5
4294967293,4
4294967293,3
4294967278,259
4294967278,405
4294967278,393
4294967278,120
4294967278,119
4294967278,117
4294967278,116
4294967278,114
4294967278,110
4294967278,223
4294967278,108
4294967278,107
4294967278,104
4294967278,404
4294967278,391
4294967278,371
4294967278,94
4294967278,93
4294967278,92
4294967278,403
4294967278,87
4294967278,86
4294967278,85
4294967278,84
4294967278,83
4294967278,67
4294967278,402
4294967278,66
4294967278,382
4294967278,65
4294967278,64
4294967278,365
4294967278,62
4294967278,380
4294967278,59
4294967278,379
4294967278,58
4294967278,56
4294967278,55
4294967278,50
4294967278,49
4294967278,401
4294967278,48
4294967278,400
4294967278,47
4294967278,46
4294967278,45
4294967278,399
4294967278,41
4294967278,298
4294967278,40
4294967278,39
4294967278,37
4294967278,36
4294967278,35
4294967278,398
4294967278,34
4294967278,33
4294967278,32
4294967278,31
4294967278,30
4294967278,29
4294967278,397
4294967278,28
4294967278,396
4294967278,27
4294967278,26
4294967278,25
4294967278,24
4294967278,23
4294967278,22
4294967278,283
4294967278,21
4294967278,20
4294967278,19
4294967278,18
4294967278,17
4294967278,295
4294967278,15
4294967278,13
4294967278,12
4294967278,278
4294967278,10
4294967278,293
4294967278,9
4294967278,6
4294967278,287
4294967278,5
4294967278,88
4294967278,394
4294967278,303
4294967278,4
4294967279,331
4294967279,132
4294967279,130
4294967279,129
4294967279,128
4294967279,127
4294967279,255
4294967279,126
4294967279,124
4294967279,330
4294967279,112
4294967279,101
4294967279,100
4294967279,99
4294967279,98
4294967279,96
4294967279,95
4294967279,560
4294967279,93
4294967279,321
4294967279,92
4294967279,90
4294967279,89
4294967279,329
4294967279,87
4294967279,559
4294967279,86
4294967279,326
4294967279,60
4294967279,59
4294967279,58
4294967279,570
4294967279,51
4294967279,50
4294967279,49
4294967279,44
4294967279,43
4294967279,42
4294967279,568
4294967279,41
4294967279,567
4294967279,566
4294967279,39
4294967279,293
4294967279,38
4294967279,37
4294967279,36
4294967279,292
4294967279,34
4294967279,565
4294967279,33
4294967279,564
4294967279,32
4294967279,31
4294967279,30
4294967279,278
4294967279,27
4294967279,138
4294967279,26
4294967279,300
4294967279,25
4294967279,24
4294967279,299
4294967279,23
4294967279,288
4294967279,21
4294967279,88
4294967279,2
4294967279,260
4294967279,20
4294967279,19
4294967279,18
4294967279,14
4294967279,13
4294967279,12
4294967279,279
4294967279,4
4294967294,473
4294967294,1053
4294967294,414
4294967294,977
4294967294,1708
4294967294,1022
4294967294,990
4294967294,411
4294967294,470
4294967294,1985
4294967294,444
4294967294,1711
4294967294,185
4294967294,1987
4294967279,558
4294967279,320
4294967279,328
4294967279,555
4294967279,573
4294967278,366
4294967279,554
4294967279,572
4294967279,571
4294967278,381
4294967279,553
4294967278,364
4294967278,302
4294967279,569
4294967278,378
4294967278,377
4294967278,297
4294967278,291
4294967278,376
4294967278,375
4294967278,137
4294967279,298
4294967278,289
4294967279,563
4294967278,270
4294967279,287
4294967279,285
4294967278,294
4294967279,290
4294967278,265
4294967279,297
4294967278,387
4294967279,325
4294967278,246
4294967278,244
4294967278,240
4294967279,324
4294967278,386
4294967278,235
4294967278,227
4294967278,221
4294967279,323
4294967278,385
4294967279,322
4294967278,373
4294967278,372
4294967279,561
4294967278,370
4294967278,369
4294967278,368
4294967278,367
4294967278,384
4294967278,383
4294967279,575
4294967279,557
4294967279,556
4294967279,574
1,0
4294967294,1717
4294967294,1986
4294967294,300
4294967294,299
4294967294,297
4294967294,294
4294967294,293
4294967294,292
4294967294,291
4294967294,290
4294967294,289
4294967294,285
4294967294,283
4294967294,281
4294967294,280
4294967294,279
4294967294,278
4294967294,277
4294967294,275
4294967294,272
4294967294,271
4294967294,269
4294967294,267
4294967294,266
4294967294,265
4294967294,262
4294967294,261
4294967294,259
4294967294,258
4294967294,253
4294967294,251
4294967294,248
4294967294,247
4294967294,245
4294967294,244
4294967294,242
4294967294,241
4294967294,240
4294967294,235
4294967294,234
4294967294,232
4294967294,231
4294967294,230
4294967294,229
4294967294,228
4294967294,227
4294967294,225
4294967294,223
4294967294,220
4294967294,216
4294967294,214
4294967294,213
4294967294,212
4294967294,209
4294967294,208
4294967294,207
4294967294,206
4294967294,205
4294967294,204
4294967294,203
4294967294,202
4294967294,200
4294967294,193
4294967294,831
4294967294,829
4294967294,825
4294967294,824
4294967294,823
4294967294,822
4294967294,819
4294967294,818
4294967294,817
4294967294,815
4294967294,813
4294967294,812
4294967294,810
4294967294,808
4294967294,805
4294967294,803
4294967294,802
4294967294,801
4294967294,800
4294967294,799
4294967294,795
4294967294,793
4294967294,792
4294967294,788
4294967294,787
4294967294,786
4294967294,785
4294967294,784
4294967294,832
4294967294,152
4294967294,782
4294967294,781
4294967294,778
4294967294,777
4294967294,776
4294967294,773
4294967294,771
4294967294,149
4294967294,770
4294967294,767
4294967294,766
4294967294,765
4294967294,764
4294967294,762
4294967294,761
4294967294,760
4294967294,759
4294967294,758
4294967294,757
4294967294,756
4294967294,755
4294967294,753
4294967294,752
4294967294,751
4294967294,750
4294967294,749
4294967294,748
4294967294,747
4294967294,746
4294967294,744
4294967294,743
4294967294,742
4294967294,741
4294967294,737
4294967294,736
4294967294,735
4294967294,734
4294967294,733
4294967294,732
4294967294,730
4294967294,729
4294967294,726
4294967294,724
4294967294,723
4294967294,722
4294967294,721
4294967294,719
4294967294,718
4294967294,715
4294967294,714
4294967294,710
4294967294,709
4294967294,707
4294967294,705
4294967294,703
4294967294,702
4294967294,700
4294967294,699
4294967294,696
4294967294,692
4294967294,691
4294967294,689
4294967294,688
4294967294,686
4294967294,684
4294967294,682
4294967294,681
4294967294,680
4294967294,677
4294967294,674
4294967294,671
4294967294,670
4294967294,134
4294967294,668
4294967294,667
4294967294,666
4294967294,664
4294967294,662
4294967294,661
4294967294,659
4294967294,657
4294967294,655
4294967294,654
4294967294,651
4294967294,650
4294967294,649
4294967294,648
4294967294,646
4294967294,644
4294967294,641
4294967294,640
4294967294,636
4294967294,634
4294967294,631
4294967294,630
4294967294,629
4294967294,627
4294967294,625
4294967294,623
4294967294,633
4294967294,622
4294967294,621
4294967294,620
4294967294,144
4294967294,619
4294967294,618
4294967294,130
4294967294,617
4294967294,616
4294967294,615
4294967294,614
4294967294,613
4294967294,158
4294967294,612
4294967294,632
4294967294,611
4294967294,610
4294967294,609
4294967294,153
4294967294,136
4294967294,146
4294967294,608
4294967294,145
4294967294,155
4294967294,211
4294967294,154
4294967294,814
4294967294,133
4294967294,811
4294967294,142
4294967294,728
4294967294,138
4294967294,727
4294967294,147
4294967294,430
4294967294,1427
4294967294,1171
4294967294,431
4294967278,301
4294967279,552
4294967279,551
4294967278,290
4294967278,273
4294967278,363
4294967279,302
4294967278,362
4294967278,361
4294967279,550
4294967278,360
4294967279,549
4294967278,284
4294967279,276
4294967278,275
4294967294,1411
4294967294,1713
4294967294,423
4294967294,1541
4294967294,501
4294967294,186
4294967294,1537
4294967294,1459
4294967294,607
4294967294,447
4294967294,496
4294967294,494
4294967294,493
4294967294,582
4294967294,577
4294967294,490
4294967294,1426
4294967294,488
4294967294,588
4294967294,487
4294967294,456
